4294967294,0
4294967279,115
4243767290,0
4294967279,119
4294967279,118
4294967279,117
4294967279,116
4294967279,325
4294967278,319
4294967279,324
4294967278,318
4294967279,323
4294967278,176
4294967279,322
4294967278,317
4294967279,321
4294967278,316
4294967279,320
4294967278,315
4294967279,319
4294967278,314
4294967279,318
4294967278,313
4294967279,317
4294967278,312
4294967279,316
4294967278,311
4294967279,123
4294967279,122
4294967279,121
4294967279,120
4294967279,315
4294967278,310
4294967279,314
4294967278,309
4294967279,313
4294967278,308
4294967279,312
4294967278,307
4294967279,311
4294967278,306
4294967279,310
4294967278,305
4294967279,127
4294967279,126
4294967279,125
4294967279,124
4294967279,309
4294967278,304
4294967278,159
4294967279,308
4294967278,303
4294967278,302
4294967278,301
4294967279,307
4294967278,300
4294967279,129
4294967279,128
4294967279,306
4294967278,299
4294967278,298
4294967278,297
4294967279,131
4294967279,130
4294967279,305
4294967278,4
4294967279,132
4294967279,304
4294967278,296
4294967278,5
4294967279,303
4294967279,302
4294967278,8
4294967278,7
4294967278,6
4294967278,148
4294967279,301
4294967278,295
4294967279,300
4294967278,146
4294967279,299
4294967278,294
4294967278,144
4294967278,11
4294967278,10
4294967278,9
4294967279,298
4294967278,293
4294967279,297
4294967278,142
4294967279,296
4294967278,292
4294967279,295
4294967278,291
4294967278,14
4294967278,13
4294967278,12
4294967279,294
4294967278,290
4294967279,293
4294967278,289
4294967278,18
4294967278,17
4294967278,16
4294967278,15
4294967279,279
4294967294,50
4294967294,39
4294967278,276
4294967278,288
4294967279,277
4294967278,135
4294967278,25
4294967278,24
4294967278,23
4294967278,21
4294967278,20
4294967278,19
4294967279,135
4294967278,22
4294967278,272
4294967279,134
4294967279,292
4294967279,260
4294967279,0
4294967278,36
4294967278,35
4294967278,34
4294967278,33
4294967278,32
4294967278,31
4294967278,30
4294967278,29
4294967278,28
4294967278,27
4294967278,26
4294967279,24
4294967279,23
4294967279,22
4294967279,21
4294967279,18
4294967279,16
4294967279,15
4294967279,14
4294967279,11
4294967279,20
4294967279,289
4294967279,274
4294967279,273
3,4
3,3
3,2
3,1
4294967278,287
4294967279,272
4294967294,429
4294967294,187
4294967294,415
4294967279,271
4294967294,126
4294967294,81
4294967279,270
4294967279,269
4294967294,22
4294967294,41
4294967294,107
4294967294,469
4294967279,286
4294967294,7
4294967278,286
4294967294,6
4294967294,94
4294967294,93
4294967294,96
4294967294,95
4294967279,267
2,4
2,3
2,2
2,1
4294967278,285
4294967279,266
4294967294,8
0,7
4294967294,393
4294967294,45
4294967294,44
4294967294,425
4294967294,43
4294967294,53
4294967294,52
4294967294,29
4294967294,926
4294967294,955
4294967294,419
4294967294,28
4294967294,924
4294967294,27
4294967294,470
4294967294,91
4294967294,90
4294967294,87
4294967294,86
4294967294,85
4294967294,84
4294967279,291
4294967294,417
4294967294,388
4294967278,260
4294967278,0
4294967294,182
4294967294,173
4294967294,966
4294967294,963
4294967294,910
4294967294,82
4294967294,88
4294967279,283
4294967294,76
4294967294,112
4294967294,31
4294967294,46
4294967294,5
4294967294,17
4294967294,42
4294967294,99
4294967294,115
4294967294,165
4294967294,113
4294967294,167
4294967294,177
4294967294,83
4294967294,387
4294967294,51
4294967294,104
4294967294,106
4294967294,184
4294967294,180
4294967294,971
4294967294,968
4294967294,422
4294967294,185
4294967294,176
4294967294,170
4294967294,163
4294967294,162
4294967294,161
4294967294,175
4294967294,25
4294967294,169
4294967294,183
4294967294,967
4294967294,964
4294967294,922
4294967294,911
4294967294,907
4294967294,906
4294967294,1
0,5
4294967294,902
4294967294,92
4294967294,189
4294967294,190
4294967294,69
4294967294,1417
4294967278,132
4294967278,131
4294967278,130
4294967278,129
4294967278,128
4294967278,127
4294967278,126
4294967278,125
4294967278,124
4294967278,123
4294967278,122
4294967278,121
4294967278,120
